0,4115,4240,4800,8030,3430,1550,6430,3100,2400
4115,0,3100,3400,7600,1100,2340,6430,3200,3700
4240,3100,0,4670,6500,4560,2300,3200,5000,1600
4800,3400,4670,0,8100,1700,3000,7600,2100,5300
8030,7600,6500,8100,0,6600,8500,1700,7400,5600
3430,1100,4560,1700,6600,0,3000,5300,2200,4800
1550,2340,2300,3000,8500,3000,0,5300,3500,2500
6430,6430,3200,7600,1700,5300,5300,0,7800,5600
3100,3200,5000,2100,7400,2200,3500,7800,0,5100
2400,3700,1600,5300,5600,4800,2500,5600,5100,0