0,4115,3700,3100,3400,3900,4500,4600,4300,5200
4115,0,2400,4240,4800,4300,3000,2600,2300,7000
3700,2400,0,1600,5300,1000,250,4100,4300,5600
3100,4240,1600,0,4670,400,1400,4200,4300,3800
3400,4800,5300,4670,0,5200,5000,3200,3300,7300
3900,4300,1000,400,5200,0,4500,3500,3600,3200
4500,3000,250,1400,5000,4500,0,4700,4600,5700
4600,2600,4100,4200,3200,3500,4700,0,800,6400
4300,2300,4300,4300,3300,3600,4600,800,0,7000
5200,7000,5600,3800,7300,3200,5700,6400,7000,0