0,760,4200,3400,3000,4000,3100,6200,3200,5200
760,0,3100,4115,3900,3400,4600,6400,3200,5200
4200,3100,0,4240,400,4670,4200,3200,4800,3800
3400,4115,4240,0,4300,4800,2600,6430,3100,7000
3000,3900,400,4300,0,5200,3500,4400,3600,3200
4000,3400,4670,4800,5200,0,3200,7600,2100,7300
3100,4600,4200,2600,3500,3200,0,6400,2200,6000
6200,6400,3200,6430,4400,7600,6400,0,7800,1700
3200,3200,4800,3100,3600,2100,2200,7800,0,7000
5200,5200,3800,7000,3200,7300,6000,1700,7000,0
